2514
2 0
2 1
3 1
3 2
5 1
5 2
5 4
6 0
6 1
6 3
6 5
7 1
7 4
7 5
8 0
8 1
8 3
8 4
8 6
9 2
9 5
9 7
10 0
10 1
10 2
10 6
10 7
10 9
11 9
11 2
11 10
11 5
12 0
12 2
12 4
12 5
12 6
12 7
12 8
13 1
13 3
13 6
13 8
13 11
13 12
14 0
14 1
14 2
14 6
14 7
14 8
14 9
14 10
14 11
14 12
15 1
15 2
15 3
15 4
15 5
15 10
15 11
15 13
16 2
16 4
16 7
16 9
16 12
16 13
16 14
17 1
17 5
17 7
17 9
17 10
17 15
17 16
18 4
18 6
18 7
18 8
18 9
18 11
18 16
19 1
19 5
19 6
19 7
19 8
19 9
19 10
19 11
19 12
19 15
19 17
20 1
20 7
20 8
20 12
20 14
20 17
20 18
21 0
21 1
21 3
21 4
21 9
21 12
21 15
21 16
21 19
21 20
22 0
22 2
22 4
22 6
22 13
22 17
22 20
22 21
23 1
23 2
23 3
23 5
23 6
23 8
23 12
23 13
23 14
23 15
23 16
23 19
23 21
23 22
24 0
24 3
24 5
24 6
24 11
24 12
24 13
24 14
24 15
24 18
24 21
24 22
25 2
25 3
25 6
25 7
25 9
25 11
25 13
25 16
25 21
25 22
25 23
26 0
26 2
26 3
26 4
26 5
26 6
26 9
26 12
26 13
26 15
26 17
26 20
26 22
26 25
27 0
27 1
27 6
27 8
27 9
27 10
27 11
27 13
27 14
27 18
27 20
27 24
28 0
28 1
28 4
28 6
28 7
28 8
28 9
28 10
28 11
28 13
28 14
28 16
28 18
28 21
28 22
28 23
28 24
28 25
28 27
29 0
29 5
29 11
29 15
29 16
29 18
29 22
29 24
29 26
30 0
30 4
30 9
30 10
30 13
30 14
30 16
30 20
30 21
30 22
30 26
30 27
31 0
31 1
31 3
31 7
31 13
31 15
31 16
31 17
31 18
31 20
31 21
31 23
31 25
31 29
31 30
32 0
32 1
32 2
32 3
32 4
32 8
32 9
32 14
32 17
32 22
32 23
32 24
32 25
32 27
32 28
32 29
32 30
33 0
33 1
33 32
33 8
33 10
33 12
33 13
33 15
33 17
33 23
33 24
33 26
33 30
33 31
34 32
34 1
34 2
34 6
34 33
34 10
34 11
34 13
34 14
34 15
34 17
34 22
34 23
34 24
34 25
34 26
34 27
34 28
34 31
35 0
35 34
35 3
35 5
35 6
35 7
35 10
35 12
35 13
35 18
35 21
35 23
35 27
36 0
36 2
36 8
36 9
36 10
36 12
36 13
36 14
36 15
36 16
36 21
36 22
36 24
36 29
36 31
37 0
37 2
37 3
37 4
37 6
37 7
37 9
37 13
37 14
37 15
37 16
37 17
37 18
37 20
37 21
37 22
37 24
37 26
37 27
37 28
37 29
37 31
37 32
38 0
38 1
38 3
38 5
38 7
38 10
38 11
38 15
38 16
38 17
38 21
38 22
38 24
38 25
38 33
38 27
38 28
39 0
39 1
39 35
39 32
39 33
39 6
39 7
39 11
39 13
39 14
39 16
39 18
39 20
39 21
39 24
39 25
39 26
39 28
39 30
39 36
40 0
40 1
40 3
40 5
40 6
40 9
40 11
40 12
40 15
40 16
40 18
40 19
40 20
40 21
40 22
40 23
40 24
40 27
40 29
40 32
40 33
40 35
40 37
40 38
40 39
41 0
41 33
41 2
41 4
41 37
41 6
41 40
41 10
41 34
41 14
41 15
41 22
41 26
41 30
42 1
42 2
42 3
42 4
42 5
42 6
42 7
42 8
42 9
42 10
42 11
42 13
42 15
42 16
42 19
42 20
42 23
42 25
42 27
42 28
42 29
42 31
42 32
42 33
42 36
42 37
43 0
43 4
43 7
43 8
43 10
43 11
43 12
43 13
43 14
43 15
43 16
43 17
43 18
43 20
43 21
43 25
43 30
43 32
43 33
43 34
43 35
43 36
43 41
43 42
44 3
44 5
44 6
44 7
44 8
44 9
44 11
44 13
44 15
44 17
44 18
44 19
44 20
44 21
44 24
44 25
44 29
44 32
44 33
44 38
44 40
44 42
44 43
45 0
45 2
45 4
45 5
45 6
45 7
45 9
45 11
45 12
45 16
45 21
45 23
45 25
45 26
45 27
45 28
45 31
45 32
45 34
45 36
45 37
45 38
45 43
45 44
46 0
46 3
46 4
46 5
46 9
46 10
46 13
46 18
46 19
46 20
46 21
46 22
46 23
46 27
46 28
46 29
46 30
46 31
46 35
46 38
46 42
46 43
46 44
47 2
47 3
47 4
47 38
47 6
47 7
47 9
47 39
47 44
47 45
47 14
47 15
47 16
47 17
47 18
47 19
47 21
47 22
47 46
47 31
48 2
48 4
48 6
48 9
48 11
48 14
48 15
48 16
48 17
48 19
48 20
48 21
48 22
48 23
48 24
48 26
48 27
48 31
48 32
48 33
48 40
48 42
48 44
48 46
49 0
49 11
49 12
49 14
49 16
49 18
49 19
49 21
49 22
49 23
49 24
49 25
49 27
49 28
49 29
49 31
49 33
49 35
49 37
49 41
49 43
49 44
49 45
49 47
50 0
50 2
50 3
50 6
50 10
50 13
50 15
50 16
50 18
50 19
50 22
50 24
50 26
50 27
50 29
50 30
50 31
50 34
50 37
50 40
50 45
50 46
50 48
50 49
51 0
51 1
51 2
51 8
51 9
51 11
51 14
51 15
51 16
51 17
51 18
51 19
51 20
51 21
51 23
51 26
51 27
51 31
51 38
51 39
51 41
51 44
51 45
51 46
51 47
52 1
52 5
52 6
52 11
52 12
52 14
52 15
52 17
52 18
52 20
52 21
52 24
52 25
52 26
52 27
52 31
52 33
52 34
52 35
52 36
52 37
52 42
52 44
52 45
52 46
52 49
52 51
53 0
53 2
53 5
53 6
53 8
53 9
53 12
53 15
53 16
53 17
53 18
53 22
53 27
53 33
53 34
53 37
53 39
53 41
53 42
53 43
53 44
53 51
54 32
54 1
54 45
54 3
54 38
54 6
54 8
54 43
54 12
54 13
54 14
54 15
54 16
54 35
54 22
54 26
54 47
54 28
54 29
54 30
54 31
55 0
55 2
55 3
55 4
55 5
55 7
55 8
55 9
55 10
55 15
55 19
55 20
55 21
55 23
55 24
55 25
55 26
55 28
55 29
55 31
55 32
55 33
55 35
55 36
55 37
55 39
55 40
55 45
55 46
55 50
56 3
56 4
56 5
56 6
56 10
56 11
56 12
56 13
56 15
56 16
56 19
56 20
56 22
56 23
56 25
56 27
56 31
56 32
56 33
56 34
56 36
56 38
56 43
56 45
56 49
56 50
56 51
56 53
56 54
56 55
57 6
57 7
57 8
57 9
57 10
57 11
57 12
57 16
57 18
57 19
57 20
57 21
57 22
57 23
57 24
57 25
57 26
57 29
57 30
57 32
57 33
57 36
57 39
57 40
57 42
57 44
57 45
57 46
57 47
57 48
57 49
57 50
57 53
57 55
57 56
58 0
58 1
58 3
58 8
58 9
58 10
58 11
58 13
58 16
58 19
58 20
58 24
58 26
58 27
58 30
58 31
58 32
58 33
58 34
58 38
58 41
58 44
58 46
58 49
58 51
58 52
58 55
58 56
58 57
59 4
59 5
59 6
59 8
59 10
59 11
59 12
59 16
59 17
59 21
59 22
59 23
59 24
59 26
59 27
59 28
59 29
59 30
59 31
59 33
59 36
59 42
59 43
59 44
59 45
59 47
59 51
59 52
59 53
59 54
59 55
60 5
60 6
60 7
60 8
60 12
60 13
60 14
60 15
60 17
60 18
60 20
60 22
60 24
60 26
60 27
60 32
60 36
60 37
60 42
60 43
60 45
60 52
60 54
60 57
60 58
60 59
61 0
61 2
61 3
61 4
61 6
61 7
61 9
61 10
61 12
61 13
61 14
61 15
61 19
61 21
61 24
61 25
61 26
61 28
61 29
61 30
61 32
61 36
61 38
61 40
61 41
61 42
61 44
61 45
61 46
61 47
61 49
61 50
61 51
61 52
61 55
61 58
62 1
62 3
62 9
62 10
62 11
62 13
62 16
62 17
62 22
62 27
62 29
62 32
62 33
62 36
62 37
62 38
62 39
62 40
62 42
62 44
62 47
62 48
62 49
62 50
62 51
62 53
62 54
62 57
62 58
62 59
63 2
63 5
63 8
63 9
63 10
63 14
63 15
63 16
63 17
63 18
63 20
63 23
63 24
63 25
63 28
63 29
63 30
63 32
63 34
63 35
63 37
63 39
63 40
63 41
63 42
63 43
63 45
63 47
63 48
63 49
63 50
63 53
63 54
63 58
63 59
63 62
64 3
64 4
64 5
64 7
64 8
64 11
64 12
64 16
64 17
64 23
64 25
64 27
64 28
64 29
64 35
64 36
64 38
64 40
64 41
64 46
64 49
64 50
64 52
64 55
64 57
64 58
64 60
64 61
64 62
65 3
65 4
65 5
65 9
65 11
65 12
65 21
65 25
65 28
65 29
65 30
65 37
65 39
65 40
65 41
65 43
65 46
65 48
65 49
65 50
65 52
65 53
65 54
65 55
65 56
65 57
65 59
65 63
65 64
66 1
66 7
66 8
66 10
66 11
66 13
66 15
66 18
66 20
66 22
66 24
66 26
66 27
66 28
66 32
66 35
66 36
66 37
66 38
66 41
66 43
66 45
66 46
66 49
66 52
66 53
66 58
66 59
66 60
66 64
66 65
67 1
67 2
67 3
67 4
67 10
67 11
67 16
67 17
67 19
67 20
67 23
67 28
67 29
67 30
67 35
67 40
67 42
67 45
67 46
67 48
67 49
67 50
67 51
67 59
67 60
67 61
67 62
67 63
67 65
67 66
68 0
68 1
68 6
68 7
68 8
68 9
68 10
68 12
68 14
68 15
68 16
68 17
68 18
68 21
68 22
68 25
68 26
68 29
68 30
68 32
68 36
68 37
68 43
68 47
68 48
68 50
68 51
68 52
68 56
68 60
68 61
68 64
68 65
68 67
69 2
69 4
69 5
69 6
69 8
69 10
69 12
69 13
69 15
69 17
69 19
69 21
69 22
69 24
69 25
69 29
69 31
69 38
69 40
69 45
69 47
69 49
69 56
69 57
69 58
69 59
69 61
69 63
69 64
70 1
70 3
70 7
70 8
70 10
70 11
70 12
70 13
70 14
70 18
70 22
70 23
70 24
70 26
70 27
70 29
70 33
70 34
70 36
70 37
70 38
70 39
70 40
70 46
70 48
70 52
70 53
70 55
70 56
70 57
70 59
70 61
70 62
70 64
70 65
70 67
70 68
70 69
71 1
71 3
71 7
71 8
71 10
71 11
71 12
71 13
71 14
71 15
71 20
71 21
71 22
71 23
71 25
71 27
71 29
71 31
71 32
71 34
71 39
71 43
71 47
71 50
71 52
71 55
71 57
71 58
71 60
71 61
71 63
71 65
71 66
71 68
71 69
71 70
72 3
72 4
72 7
72 9
72 10
72 11
72 12
72 15
72 17
72 21
72 22
72 25
72 26
72 27
72 29
72 32
72 41
72 42
72 46
72 49
72 50
72 52
72 53
72 54
72 56
72 60
72 62
72 68
72 70
72 71
73 3
73 4
73 5
73 6
73 8
73 10
73 11
73 12
73 13
73 15
73 16
73 19
73 21
73 22
73 24
73 25
73 27
73 29
73 30
73 32
73 33
73 34
73 36
73 39
73 40
73 41
73 45
73 46
73 50
73 52
73 54
73 58
73 59
73 61
73 64
73 66
73 68
73 69
73 70
73 72
74 1
74 3
74 6
74 8
74 9
74 10
74 11
74 15
74 18
74 19
74 22
74 24
74 25
74 27
74 28
74 29
74 32
74 36
74 37
74 39
74 43
74 45
74 50
74 55
74 60
74 62
74 65
74 67
74 69
74 72
74 73
75 1
75 2
75 3
75 5
75 8
75 9
75 11
75 13
75 14
75 16
75 17
75 19
75 26
75 27
75 28
75 29
75 30
75 35
75 36
75 37
75 40
75 41
75 42
75 43
75 44
75 49
75 50
75 54
75 55
75 56
75 57
75 58
75 61
75 62
75 63
75 65
75 67
75 68
75 70
75 72
75 73
75 74
76 2
76 4
76 13
76 15
76 19
76 20
76 22
76 26
76 27
76 28
76 29
76 31
76 33
76 37
76 38
76 39
76 40
76 41
76 42
76 44
76 45
76 48
76 49
76 51
76 52
76 53
76 59
76 61
76 62
76 63
76 64
76 65
76 67
76 68
76 69
76 70
76 73
77 3
77 4
77 6
77 7
77 8
77 9
77 11
77 12
77 13
77 15
77 20
77 23
77 24
77 32
77 34
77 36
77 38
77 42
77 43
77 45
77 49
77 56
77 57
77 58
77 60
77 61
77 62
77 65
77 66
77 73
78 0
78 3
78 11
78 12
78 13
78 14
78 15
78 17
78 19
78 23
78 24
78 25
78 26
78 29
78 34
78 40
78 41
78 42
78 45
78 47
78 48
78 50
78 51
78 52
78 53
78 54
78 55
78 57
78 60
78 63
78 64
78 65
78 66
78 70
78 71
78 72
78 73
78 76
79 1
79 7
79 9
79 11
79 12
79 13
79 15
79 18
79 20
79 21
79 22
79 25
79 26
79 28
79 29
79 33
79 34
79 35
79 36
79 37
79 38
79 39
79 42
79 43
79 44
79 45
79 46
79 49
79 51
79 52
79 54
79 55
79 57
79 58
79 60
79 61
79 62
79 63
79 67
79 68
79 70
79 72
79 73
79 74
79 78
80 2
80 3
80 4
80 7
80 11
80 14
80 15
80 19
80 22
80 24
80 25
80 27
80 29
80 30
80 32
80 34
80 39
80 40
80 42
80 45
80 48
80 49
80 50
80 51
80 52
80 54
80 58
80 59
80 62
80 63
80 64
80 65
80 66
80 67
80 69
80 70
80 71
80 73
80 74
80 77
80 78
81 0
81 4
81 5
81 6
81 8
81 9
81 13
81 14
81 16
81 17
81 21
81 22
81 23
81 27
81 28
81 32
81 33
81 35
81 36
81 38
81 39
81 42
81 47
81 48
81 49
81 51
81 52
81 53
81 54
81 55
81 57
81 58
81 60
81 63
81 65
81 69
81 70
81 71
81 72
81 73
81 78
81 79
81 80
82 1
82 2
82 4
82 6
82 8
82 9
82 11
82 12
82 13
82 14
82 15
82 16
82 17
82 18
82 19
82 20
82 21
82 24
82 25
82 29
82 30
82 31
82 33
82 35
82 36
82 37
82 38
82 40
82 42
82 43
82 46
82 47
82 50
82 52
82 53
82 54
82 55
82 60
82 61
82 62
82 68
82 70
82 72
82 73
82 75
82 76
82 77
82 78
82 80
82 81
83 2
83 3
83 5
83 6
83 9
83 10
83 12
83 13
83 16
83 18
83 24
83 25
83 27
83 29
83 31
83 32
83 33
83 35
83 36
83 40
83 42
83 48
83 49
83 50
83 54
83 55
83 56
83 58
83 59
83 61
83 62
83 64
83 65
83 71
83 72
83 75
83 76
83 79
83 80
83 81
83 82
84 2
84 3
84 8
84 10
84 11
84 13
84 18
84 20
84 23
84 25
84 29
84 30
84 34
84 35
84 36
84 37
84 40
84 42
84 44
84 45
84 48
84 49
84 50
84 54
84 55
84 58
84 60
84 63
84 66
84 68
84 69
84 71
84 73
84 74
84 76
85 1
85 2
85 5
85 6
85 9
85 10
85 11
85 13
85 16
85 18
85 19
85 21
85 22
85 33
85 34
85 35
85 36
85 37
85 39
85 40
85 41
85 46
85 51
85 54
85 56
85 59
85 60
85 61
85 64
85 67
85 69
85 70
85 71
85 74
85 75
85 76
85 77
85 79
85 82
85 83
86 0
86 1
86 3
86 5
86 7
86 12
86 13
86 14
86 15
86 16
86 22
86 24
86 25
86 31
86 33
86 34
86 36
86 38
86 44
86 45
86 50
86 55
86 57
86 58
86 59
86 60
86 62
86 64
86 65
86 67
86 70
86 73
86 74
86 76
86 77
86 78
86 80
86 81
86 85
87 0
87 1
87 2
87 6
87 7
87 8
87 10
87 11
87 14
87 16
87 18
87 21
87 26
87 27
87 28
87 31
87 32
87 33
87 34
87 36
87 37
87 42
87 46
87 47
87 49
87 52
87 56
87 58
87 59
87 61
87 66
87 68
87 69
87 73
87 74
87 75
87 77
87 78
87 79
87 80
87 81
87 82
87 85
87 86
88 3
88 4
88 5
88 7
88 10
88 12
88 13
88 15
88 16
88 18
88 22
88 23
88 24
88 25
88 26
88 27
88 28
88 29
88 35
88 36
88 39
88 40
88 42
88 44
88 50
88 51
88 52
88 53
88 56
88 57
88 58
88 61
88 62
88 67
88 68
88 70
88 71
88 72
88 73
88 76
88 78
88 81
88 84
88 85
88 86
89 3
89 4
89 6
89 7
89 12
89 16
89 18
89 19
89 20
89 21
89 22
89 29
89 30
89 32
89 33
89 34
89 36
89 37
89 38
89 39
89 41
89 43
89 44
89 45
89 49
89 50
89 51
89 52
89 55
89 56
89 57
89 62
89 64
89 66
89 67
89 68
89 69
89 70
89 71
89 72
89 73
89 75
89 76
89 77
89 83
89 86
89 88
90 1
90 2
90 4
90 5
90 6
90 8
90 9
90 11
90 12
90 13
90 14
90 17
90 18
90 21
90 22
90 23
90 25
90 26
90 27
90 29
90 30
90 32
90 35
90 36
90 37
90 39
90 43
90 46
90 55
90 57
90 58
90 59
90 60
90 61
90 69
90 73
90 77
90 78
90 81
90 84
90 85
90 86
90 87
90 88
90 89
91 4
91 6
91 7
91 9
91 10
91 11
91 12
91 15
91 17
91 23
91 24
91 25
91 26
91 27
91 29
91 35
91 36
91 37
91 41
91 42
91 44
91 47
91 50
91 55
91 58
91 59
91 60
91 61
91 64
91 65
91 67
91 68
91 72
91 74
91 79
91 80
91 81
91 84
91 87
92 4
92 5
92 6
92 7
92 11
92 12
92 13
92 14
92 16
92 19
92 22
92 24
92 25
92 26
92 29
92 30
92 39
92 40
92 42
92 43
92 44
92 45
92 47
92 48
92 51
92 54
92 55
92 56
92 60
92 63
92 64
92 67
92 69
92 70
92 71
92 72
92 73
92 76
92 77
92 78
92 79
92 80
92 85
92 86
92 87
92 88
93 0
93 1
93 2
93 3
93 13
93 15
93 19
93 20
93 22
93 25
93 29
93 33
93 34
93 36
93 37
93 38
93 40
93 43
93 44
93 45
93 47
93 48
93 49
93 56
93 62
93 63
93 68
93 69
93 71
93 77
93 78
93 79
93 80
93 81
93 82
93 85
93 86
93 87
93 90
94 0
94 2
94 4
94 6
94 8
94 9
94 11
94 13
94 15
94 16
94 17
94 18
94 20
94 21
94 24
94 25
94 26
94 28
94 32
94 33
94 36
94 38
94 39
94 40
94 41
94 46
94 47
94 48
94 49
94 50
94 56
94 57
94 58
94 59
94 62
94 63
94 68
94 69
94 70
94 71
94 74
94 75
94 80
94 86
94 88
94 89
94 91
94 93
95 0
95 9
95 10
95 11
95 15
95 18
95 19
95 20
95 22
95 23
95 25
95 26
95 27
95 30
95 31
95 33
95 34
95 39
95 43
95 44
95 45
95 47
95 48
95 55
95 56
95 58
95 59
95 60
95 61
95 65
95 66
95 70
95 71
95 73
95 75
95 76
95 79
95 80
95 81
95 82
95 87
95 93
96 0
96 1
96 3
96 6
96 9
96 10
96 11
96 12
96 13
96 14
96 15
96 19
96 20
96 21
96 23
96 26
96 27
96 29
96 30
96 36
96 37
96 39
96 40
96 44
96 45
96 46
96 47
96 48
96 50
96 51
96 52
96 53
96 54
96 56
96 58
96 59
96 62
96 63
96 64
96 66
96 67
96 68
96 69
96 70
96 71
96 76
96 79
96 82
96 83
96 85
96 86
96 91
96 92
96 93
96 94
96 95
97 0
97 1
97 3
97 4
97 7
97 10
97 11
97 12
97 13
97 14
97 15
97 16
97 17
97 19
97 20
97 28
97 30
97 32
97 33
97 35
97 36
97 37
97 38
97 41
97 42
97 43
97 44
97 45
97 46
97 47
97 49
97 50
97 53
97 58
97 59
97 62
97 64
97 65
97 67
97 68
97 71
97 72
97 73
97 74
97 75
97 76
97 79
97 83
97 85
97 86
97 87
97 88
97 90
97 91
97 93
97 94
98 0
98 2
98 5
98 6
98 7
98 8
98 9
98 11
98 12
98 14
98 15
98 16
98 18
98 21
98 22
98 23
98 27
98 30
98 32
98 33
98 35
98 36
98 37
98 40
98 42
98 44
98 45
98 47
98 48
98 51
98 52
98 55
98 56
98 58
98 59
98 60
98 61
98 62
98 63
98 64
98 66
98 67
98 68
98 70
98 74
98 78
98 79
98 80
98 82
98 86
98 87
98 88
98 90
98 91
98 92
98 93
98 95
99 1
99 3
99 4
99 5
99 7
99 10
99 12
99 16
99 19
99 20
99 25
99 26
99 28
99 29
99 30
99 31
99 33
99 36
99 37
99 38
99 39
99 42
99 43
99 46
99 50
99 53
99 54
99 56
99 58
99 59
99 62
99 64
99 65
99 66
99 68
99 69
99 70
99 73
99 75
99 78
99 81
99 83
99 85
99 86
99 88
99 91
99 94
99 95
99 97
99 98
100 1
100 2
100 6
100 7
100 8
100 9
100 11
100 12
100 13
100 14
100 16
100 17
100 19
100 21
100 22
100 23
100 24
100 27
100 28
100 29
100 31
100 32
100 33
100 34
100 35
100 36
100 37
100 38
100 39
100 46
100 48
100 50
100 51
100 53
100 55
100 57
100 59
100 60
100 61
100 62
100 64
100 65
100 66
100 69
100 73
100 74
100 77
100 78
100 81
100 82
100 87
100 88
100 89
100 90
100 91
100 92
100 95
